Located data folder: /home/hertel/tokenization-repair-dumps/data_naacl2021/
1409
2999
3135
3151
4241
4331
4473
5836
6247
6628
7234
7638
7756
9615
12189
12235
12616
13087
13756
13991
15336
16163
16887
18057
20551
20665
21032
24042
24337
25420
25740
26094
26308
27307
27582
29129
29204
30110
30604
30747
35696
36180
36899
38623
38861
39807
43352
43380
43961
44309
47744
48034
49325
51957
52103
53076
53734
54081
55434
55588
56896
59334
59441
59816
59980
60043
60445
60925
60994
62398
62639
64495
65681
70695
70802
70972
72434
73494
80350
81937
84633
85764
86925
88910
90664
91040
91601
91661
91824
91909
92250
94218
94408
95797
95803
95923
96423
96980
97752
99887
101062
101345
101396
102661
103174
103260
104973
105113
107650
107790
108626
109028
109400
109453
110369
111712
112445
112576
113004
114370
114679
114970
115255
115330
115369
116373
117262
118672
118740
118942
119950
120392
121850
121866
121931
122081
122235
122341
124614
126323
126341
126605
127555
127868
129222
129359
129649
130548
130786
131518
132903
133106
133585
135473
135598
135845
136671
136864
137401
138456
139625
139657
139665
140345
144359
145473
146748
149360
150709
152420
152603
154178
154339
158111
158890
161022
161945
162546
162669
163350
165634
168366
168384
168412
168489
171045
171759
174457
174684
177614
177906
178105
178371
178947
182432
184061
185604
187484
189713
191325
192481
192500
196117
198146
199830
200926
202424
203016
205952
206030
206813
208855
210294
211288
213877
216143
216702
218011
218078
218593
220241
222836
227101
230566
232299
233859
234226
234517
235551
236306
237504
237964
240614
240746
241196
241814
242344
245343
248984
249745
250714
252442
254014
259644
259989
262840
263228
265593
266557
268149
270884
273456
274375
274393
277723
277880
282761
284842
285539
285663
286440
287513
289881
289898
290048
291498
293381
294514
295229
295610
296962
297135
297852
298680
299976
303226
307728
310399
310479
310706
314444
314511
318603
320821
322201
322550
323089
324415
325388
326135
326360
329442
329855
330121
333341
340372
341745
342977
343054
343831
347837
348048
349720
355385
359261
361400
371541
371974
372560
374111
374336
376275
376774
381750
382999
383449
384009
384655
388118
390922
391241
391875
391951
393636
394749
395388
396129
396366
397520
403226
404964
408663
409953
412386
413940
417510
422429
422649
424020
425126
427236
427775
432137
432690
435019
435088
437531
438518
439359
443721
451900
452284
454448
454936
455386
455521
457681
459326
461513
462263
462707
463437
469236
469271
469300
470025
472650
473250
475527
479421
480775
481446
482816
483855
484578
487174
487779
488824
490038
491584
492335
494780
498783
498807
498903
499614
499998
503282
509527
511698
513651
515986
516650
523020
524226
526802
536629
538149
538506
542616
545562
553714
554247
554775
555766
556948
560879
561875
564275
567491
568898
571542
571639
573493
575735
577842
578487
582124
586699
588309
592816
595432
595471
595675
596932
597113
599029
602958
609253
611196
613362
614347
616328
618384
619053
623160
624088
624508
624510
625455
626592
627585
628252
629928
630391
631045
632178
634175
635247
641830
645203
646501
647636
649168
649994
654732
655042
658086
658745
659318
663107
664462
670226
670361
673150
679928
679947
681810
684578
685362
685914
693673
697183
697188
697287
698858
701459
708079
708561
708752
709197
710272
711841
712786
717829
718688
723323
729760
729979
730547
730719
732011
740440
741895
745500
745789
747546
748922
751045
751429
755352
756083
757818
758139
761377
762651
766888
767180
772597
782594
785031
785338
798377
799636
800053
801649
804034
804356
808296
808630
810377
818093
828014
839061
844965
845743
848395
848862
850334
851644
854441
855207
858341
860910
865302
865930
868500
869724
872781
874093
875477
879963
880501
889690
890606
892747
895076
895344
895965
896598
897547
898257
900657
903617
908317
908427
912643
914179
915528
918931
920247
922447
923091
924859
928669
931356
931420
936294
938146
939924
950226
951802
953074
954341
954547
955701
958734
960537
960841
963581
964958
968859
968960
970633
970683
979500
980104
984385
987572
988056
990950
992586
993760
994347
994465
996046
996676
996939
997102
998946
1001476
1001506
1004793
1008120
1012948
1013491
1016832
1017741
1018215
1018617
1021528
1023081
1023892
1026408
1026873
1034180
1034313
1037749
1039014
1039803
1043247
1046220
1047297
1051050
1052664
1053824
1054062
1056978
1058780
1061790
1061954
1066015
1066606
1068191
1068680
1069357
1070569
1070671
1071211
1073520
1076814
1077021
1079396
1089197
1094716
1096036
1096600
1096713
1097201
1097512
1098615
1098716
1101340
1101659
1103574
1104574
1109254
1116778
1116785
1118829
1121808
1122943
1123805
1123899
1130479
1137867
1138004
1144989
1151734
1153226
1155205
1156154
1168956
1174104
1180741
1180872
1181289
1182360
1192866
1195104
1201004
1204297
1204471
1209609
1210233
1211625
1211884
1212872
1213772
1214377
1216093
1218649
1219184
1219314
1225362
1228349
1234820
1238748
1247321
1248802
1258922
1259091
1259958
1262558
1263703
1263729
1266668
1276600
1282994
1283264
1283756
1284788
1284897
1285248
1286151
1290268
1294685
1300923
1304362
1306547
1309692
1315426
1316216
1317936
1318784
1319722
1327863
1328402
1333841
1337147
1337178
1337681
1340015
1343126
1345173
1350097
1358237
1359306
1360434
1366207
1372020
1374482
1375441
1390427
1390921
1392139
1394891
1395274
1398594
1399581
1399966
1404167
1406422
1410470
1410985
1416971
1419520
1422082
1430582
1431809
1432489
1438647
1442046
1442061
1448101
1450652
1455000
1462560
1473753
1480640
1493783
1502427
1502522
1504124
1504334
1508656
1508747
1512623
1519202
1525009
1525676
1533785
1542729
1542980
1543971
1547846
1550814
1551384
1551707
1552010
1553895
1556145
1557589
1562189
1565093
1566248
1566874
1569210
1577439
1579382
1580245
1585505
1587691
1587903
1596650
1597832
1598006
1601807
1602851
1604129
1604910
1608975
1609342
1610376
1625684
1627643
1629030
1630421
1632866
1633873
1634683
1637991
1641447
1646157
1646388
1647813
1650176
1655198
1656534
1657551
1663955
1673284
1675016
1683019
1685327
1686308
1688550
1689275
1690260
1691191
1691345
1694857
1697429
1698604
1700032
1705720
1706438
1708589
1711590
1712868
1714439
1715368
1720453
1722778
1725698
1729297
1733356
1734520
1734619
1735316
1736439
1746810
1755874
1758815
1763251
1768011
1768129
1768754
1769208
1771301
1777915
1788020
1789982
1790823
1800943
1801009
1801724
1802503
1802777
1805891
1808980
1809270
1810763
1813828
1817223
1825494
1827090
1827334
1827983
1836327
1842817
1843011
1853413
1855441
1856955
1860895
1862326
1862725
1863758
1864926
1868883
1873686
1875087
1878495
1881344
1887287
1887876
1888826
1892644
1898649
1899288
1899953
1905931
1907425
1910750
1912077
1917399
1919340
1919884
1921822
1922750
1923453
1924927
1925477
1925701
1925909
1926022
1934101
1937753
1940567
1943535
1943830
1947868
1948854
1953987
1957277
1957374
1957567
1960815
1961467
1976536
1978507
1991358
1991657
1991879
1991885
1994394
1997039
1997603
1998595
2006078
2006322
2008763
2015436
2018802
2022917
2023957
2024767
2029794
2030025
2033351
2033554
2034676
2052667
2054424
2054505
2057801
2058300
2060628
2064028
2067630
2069791
2073051
2085585
2085653
2087010
2096489
2097807
2101689
2109434
2109840
2111116
2111215
2112153
2112614
2112638
2114557
2116042
2121061
2121307
2123315
2124780
2127268
2128657
2131587
2138278
2142734
2146552
2146678
2149920
2150275
2153055
2162936
2163084
2164160
2170780
2170956
2173602
2174625
2175893
2176619
2180960
2182727
2183215
2186993
2189052
2191260
2195053
2197909
2198494
2199237
2214825
2215270
2217395
2219937
2220506
2222939
2224471
2231396
2231973
2234752
2234819
2240277
2249332
2250631
2251410
2251850
2259813
2261362
2262823
2267635
2270972
2271284
2275766
2278756
2278957
2287840
2291091
2291543
2295603
2298439
2301073
2308800
2309742
2314708
2316566
2317980
2318275
2329037
2329239
2329273
2329929
2332333
2341862
2344890
2345289
2345582
2354188
2355431
2358677
2360151
2365126
2375013
2376008
2377467
2380737
2384337
2385861
2388938
2392710
2393415
2395515
2396004
2396818
2402506
2404068
2405988
2408904
2415232
2416499
2423617
2423788
2423818
2424529
2427707
2429196
2431641
2433781
2433854
2437915
2438400
2440510
2442322
2443925
2444093
2447604
2453884
2457533
2458292
2459695
2461413
2463023
2465042
2465890
2467481
2468545
2469781
2472643
2473208
2476456
2478792
2479637
2479792
2482576
2484286
2485955
2493023
2493443
2497568
2498753
2505402
2506668
2506793
2509351
2511516
2516282
2519622
2522778
2523860
2525806
2525879
2526344
2526370
2526704
2530171
2533871
2541533
2549313
2553160
2555253
2556580
2566331
2567692
2573184
2573422
2578159
2578386
2591196
2592828
2592830
2593548
2594296
2595045
2597535
2600987
2618179
2619357
2623359
2630450
2630744
2633557
2633736
2644786
2644974
2649713
2655924
2661983
2662679
2665193
2666876
2667794
2667975
2670924
2675144
2679010
2689415
2692217
2695488
2698290
2706950
2708118
2708380
2710037
2710153
2710451
2715902
2718718
2722204
2728694
2731418
2733464
2737107
2737865
2739262
2745178
2746925
2749941
2751490
2756115
2760201
2765123
2766531
2770247
2771270
2774149
2783335
2786994
2788148
2792455
2792591
2793974
2797947
2800015
2800291
2807319
2808408
2810576
2814787
2817347
2817874
2819039
2820421
2829232
2835575
2841422
2855218
2855818
2856229
2857190
2860138
2866262
2871116
2872472
2882838
2884334
2884904
2890385
2893280
2897527
2903859
2920547
2922077
2923902
2926452
2931433
2938370
2942076
2949560
2950194
2950929
2953042
2953840
2964547
2965949
2984169
2986746
2987454
2988366
2992900
2995345
2995516
2995760
3001200
3001281
3002262
3005234
3006736
3007490
3008722
3009262
3010431
3010803
3013245
3025451
3026968
3028179
3033472
3034789
3035121
3035811
3040711
3043798
3044701
3046866
3049650
3050686
3061661
3062716
3064392
3074379
3076704
3077673
3082510
3085191
3092963
3094661
3097268
3102374
3107681
3109528
3109725
3113240
3118482
3118987
3124802
3124993
3125611
3129965
3139568
3140754
3149087
3156161
3158589
3159198
3165712
3167814
3167881
3170403
3172725
3182600
3182648
3187144
3192770
3194436
3194993
3195127
3196687
3199506
3200636
3200814
3201982
3204942
3214218
3214607
3220620
3222972
3223242
3225687
3227287
3227661
3230405
3232403
3242149
3246260
3256243
3263958
3267137
3284874
3288246
3291704
3307849
3308518
3312833
3318520
3318856
3319961
3321123
3325279
3332722
3333005
3336536
3345447
3345546
3346760
3347552
3349087
3355802
3358769
3360884
3362636
3364061
3364749
3365974
3366584
3368634
3376479
3378038
3381330
3381580
3392899
3401167
3405768
3406907
3419671
3427354
3437462
3438022
3442758
3448368
3450553
3456563
3456846
3459421
3469432
3470789
3476257
3479755
3480503
3486365
3488251
3488731
3490394
3491053
3492563
3493484
3495904
3502859
3508487
3509327
3513004
3516574
3516992
3517182
3519629
3522337
3523840
3526803
3531722
3540865
3544676
3548819
3556129
3557217
3557681
3559596
3560188
3564450
3570181
3570843
3572276
3572664
3574770
3576840
3580408
3582442
3587657
3594993
3599145
3599345
3603444
3607699
3608938
3609103
3609236
3612228
3618110
3624308
3626053
3626819
3629004
3630867
3633445
3638606
3639044
3641274
3645104
3646109
3649495
3649787
3654105
3654574
3656855
3659485
3662414
3666237
3666494
3670374
3674690
3676675
3682834
3714368
3715133
3728114
3728699
3732219
3732427
3739779
3742533
3746870
3747297
3749639
3751097
3751353
3764919
3773873
3775893
3795787
3800963
3805422
3805443
3817930
3830289
3830590
3840365
3846217
3846769
3848758
3849632
3854018
3861542
3887763
3890086
3894398
3894408
3900443
3903214
3919246
3922978
3930558
3933296
3951151
3953226
3964022
3964258
3967068
3971318
3978660
3981722
3984599
3989203
3992248
4003769
4007103
4009671
4012658
4016247
4030732
4035854
4036195
4042517
4046176
4046729
4047576
4050086
4052977
4066014
4070748
4072444
4074514
4082041
4090351
4092962
4096230
4104307
4111689
4113714
4118466
4120241
4121363
4127211
4127881
4133120
4137860
4138900
4141999
4143500
4148551
4148656
4159110
4161493
4166719
4179579
4180352
4183075
4184444
4186074
4192297
4199545
4220881
4240575
4242459
4243141
4243165
4249085
4249785
4249999
4254020
4254057
4267620
4276965
4292977
4293238
4301155
4310490
4317562
4318901
4323776
4328596
4331078
4333166
4354916
4362254
4369512
4370444
4370973
4372159
4387415
4396447
4401143
4404718
4406684
4407664
4413835
4420299
4424504
4426005
4430509
4432555
4437580
4439078
4439715
4440008
4449334
4455225
4460840
4462341
4463505
4469166
4469471
4470056
4487946
4497137
4503815
4506426
4507914
4509621
4509730
4514042
4516126
4523957
4534883
4536578
4537479
4540641
4540746
4547452
4550112
4554334
4556400
4557657
4558547
4559758
4564163
4568001
4572869
4574912
4578812
4580835
4585315
4588313
4589258
4599876
4602478
4606394
4619202
4640286
4645097
4648223
4652083
4652738
4671263
4674059
4684069
4685326
4685554
4698489
4709145
4715253
4722826
4724917
4735585
4736498
4736591
4738044
4738411
4745378
4751896
4758386
4759557
4761625
4761659
4771941
4776294
4799719
4803476
4804549
4805090
4806439
4806983
4813803
4816491
4822427
4828991
4833663
4841708
4846229
4847313
4848859
4849902
4850276
4855240
4856168
4866153
4871418
4887296
4887669
4891728
4896126
4897782
4901329
4916098
4916703
4917572
4934600
4935297
4937532
4939417
4940039
4950221
4950818
4953084
4958620
4962380
4964348
4967723
4969546
4976416
4981453
4982600
4985269
4985400
4997368
4999218
5006015
5012099
5012305
5026084
5035243
5042786
5044098
5047156
5051462
5064532
5064847
5071093
5077929
5078085
5078522
5079649
5090112
5098176
5105162
5108070
5119997
5121523
5124018
5125194
5125879
5127083
5127305
5129379
5129568
5145756
5149248
5153282
5163883
5164117
5180673
5180740
5182343
5187888
5191601
5192578
5193283
5196426
5199828
5201616
5208101
5208498
5210608
5221367
5226972
5230031
5230627
5230742
5233760
5238203
5253371
5256416
5276740
5284923
5285396
5293889
5296467
5301349
5302698
5310856
5315478
5320979
5321204
5327145
5329631
5330317
5339141
5345194
5348863
5350187
5352462
5355164
5358650
5362157
5362287
5364714
5370435
5372016
5376465
5396682
5398543
5403070
5403918
5412942
5420567
5421175
5423259
5425359
5425987
5426214
5440890
5444229
5446251
5462177
5475986
5481877
5484074
5494041
5500171
5502230
5508647
5513972
5516244
5519841
5523086
5531749
5533938
5536640
5543838
5551236
5553573
5556874
5557136
5557504
5559704
5569748
5571514
5573856
5578872
5579353
5579839
5589989
5591842
5594807
5598197
5598432
5608285
5614453
5626656
5633695
5635437
5646623
5651588
5652555
5662850
5665283
5665485
5669726
5671118
5672419
5674820
5674847
5674926
5679200
5683026
5687321
5687901
5693818
5694230
5708113
5713582
5715181
5715852
5721282
5730354
5730985
5745617
5754960
5757357
5760753
5770112
5771897
5776118
5781110
5790650
5792176
5794079
5799492
5803728
5804565
5804650
5805949
5808130
5810002
5810309
5810570
5811070
5817343
5819310
5825411
5826501
5829650
5829725
5831273
5838226
5840274
5860159
5862865
5864994
5866800
5871421
5875189
5877054
5880065
5881726
5882459
5885654
5887349
5894888
5897229
5898986
5900723
5909077
5909788
5910546
5916940
5917337
5923456
5924106
5924851
5928075
5934197
5940893
5945356
5954256
5955433
5956282
5957172
5967936
5969128
5975911
5977879
5982392
5997487
5999167
6013244
6014976
6021797
6028501
6029210
6031346
6032882
6036079
6041590
6060877
6068821
6070579
6073047
6077024
6077083
6084211
6090849
6091935
6093275
6103818
6105894
6111740
6113669
6115009
6124224
6124516
6129380
6133002
6143777
6146230
6155147
6160817
6161050
6162428
6163035
6163980
6168110
6168333
6171342
6177025
6177195
6183598
6184209
6191272
6197505
6211608
6221120
6232333
6233574
6237758
6243840
6244443
6247500
6248462
6251584
6256941
6262393
6262964
6266901
6267804
6273593
6278350
6281418
6304264
6305447
6310614
6312018
6314252
6319985
6325413
6326880
6329985
6331001
6333321
6343817
6353737
6362860
6370009
6391660
6397282
6406514
6415842
6429632
6432520
6433188
6434391
6434635
6435855
6444283
6445388
6449105
6451341
6452480
6457148
6460022
6467328
6475316
6476951
6478040
6478955
6479604
6482286
6485778
6487212
6495534
6498439
6506904
6508328
6524349
6531256
6531590
6537835
6549317
6550576
6550701
6551401
6552491
6552989
6554592
6560045
6573177
6580805
6591546
6592176
6600588
6603950
6612115
6614757
6616274
6617131
6629210
6636623
6638232
6642451
6647047
6656657
6661929
6673069
6684295
6688556
6696194
6698004
6703292
6705603
6707312
6711875
6715825
6716248
6719118
6720638
6721705
6722433
6725451
6726744
6729719
6733714
6734567
6738476
6752793
6753666
6753812
6760490
6768857
6773803
6781968
6782253
6786761
6789135
6790752
6792107
6793714
6806080
6806238
6810177
6811702
6812879
6813304
6825777
6828690
6829115
6831906
6840861
6841914
6844880
6850367
6852366
6853348
6861280
6866893
6870538
6876086
6882085
6884985
6885755
6888007
6888133
6897703
6899145
6906836
6913945
6916751
6917125
6925513
6932050
6933974
6936070
6938685
6948846
6950592
6955229
6966640
6987909
6989900
6993255
6998405
7004156
7006833
7008336
7011571
7036961
7043208
7052389
7058311
7059826
7074502
7075502
7084535
7090776
7093161
7094708
7121734
7126348
7131430
7151832
7152913
7158764
7159903
7164658
7170515
7175888
7176963
7178813
7179317
7185069
7192068
7204613
7207325
7219772
7220098
7222354
7227413
7244306
7246231
7247067
7252468
7252553
7258241
7263978
7265433
7265804
7267881
7269238
7275839
7286926
7291674
7291699
7296983
7301582
7334591
7352843
7359661
7368293
7371832
7376676
7386930
7396136
7402747
7407344
7410494
7411837
7418143
7420615
7421063
7440999
7442613
7444781
7454506
7456740
7462604
7466623
7481185
7483599
7487455
7494966
7507090
7513004
7520788
7522024
7527860
7537612
7540002
7543691
7554353
7560830
7562983
7563313
7566881
7579751
7595394
7597302
7601897
7610587
7619934
7622727
7625993
7647170
7647467
7648534
7652581
7653176
7656922
7672126
7673039
7679046
7679254
7684539
7691357
7694217
7694322
7696714
7697075
7730116
7732473
7736138
7736451
7743538
7751709
7753495
7759788
7769004
7773421
7775200
7776355
7779052
7780493
7800342
7804066
7808389
7815113
7839501
7841008
7857539
7858788
7893846
7900164
7901177
7904216
7918177
7943385
7947744
7958939
7965581
7973169
7980055
7982664
7985519
7986599
8001730
8008908
8016434
8019459
8024445
8030907
8032127
8032589
8033060
8042520
8044690
8052388
8056462
8070917
8071396
8078454
8082787
8086514
8094759
8101836
8106773
8113689
8128062
8139603
8142942
8144880
8156712
8168876
8174582
8176909
8185764
8200788
8201319
8217559
8222546
8231054
8233239
8234406
8234857
8235256
8235295
8237470
8240734
8247029
8247500
8248170
8255415
8256061
8272411
8273746
8275670
8281462
8288266
8292876
8293247
8294944
8303329
8311828
8313512
8317024
8319146
8333951
8345031
8347857
8366396
8372159
8380395
8387886
8391635
8399381
8405325
8406407
8412535
8435107
8438987
8439061
8439984
8441253
8447200
8449346
8451112
8460815
8476331
8478897
8486109
8498418
8506615
8511213
8520018
8531050
8544905
8549468
8549526
8563528
8570437
8572539
8573309
8595532
8596662
8601678
8606451
8607337
8607521
8611028
8619785
8620155
8627287
8633879
8641736
8648714
8659429
8668150
8674043
8684391
8685250
8685398
8705293
8709128
8717298
8720061
8724827
8730060
8734128
8735305
8737008
8740130
8750237
8763599
8770161
8789412
8790149
8795173
8806297
8824715
8838386
8838486
8838569
8852465
8852492
8852840
8856725
8856744
8863613
8864729
8868570
8869494
8881547
8890866
8891391
8895527
8899815
8903122
8904392
8905828
8917787
8922858
8924799
8932243
8932940
8938791
8940796
8941352
8956230
8957615
8971702
8976695
8982852
8985002
8991203
9007352
9016486
9024099
9026908
9028683
9033270
9039497
9050011
9053798
9056092
9081295
9091409
9098325
9104094
9107361
9120791
9126720
9132144
9143385
9146086
9169696
9171653
9174980
9176082
9185200
9186709
9189410
9195766
9206117
9210081
9212721
9233923
9249403
9251821
9254956
9263889
9269932
9272860
9276923
9282494
9288811
9300276
9310596
9325571
9336850
9339118
9368870
9369977
9372586
9383806
9391595
9398856
9407382
9423488
9424593
9426479
9436830
9442002
9453245
9461068
9467725
9468056
9468299
9480220
9480281
9480935
9480989
9481663
9484581
9499804
9500944
9511372
9513075
9519579
9523504
9525392
9530396
9530800
9531392
9533838
9552435
9563125
9567918
9573897
9579304
9580993
9582213
9588461
9592879
9594418
9605154
9605508
9607841
9616713
9625830
9628434
9629608
9630178
9633001
9638952
9642088
9651608
9652059
9652801
9666546
9687186
9689229
9689395
9690650
9693789
9696368
9703738
9729188
9730413
9734347
9751237
9753240
9767863
9783440
9791655
9793445
9806848
9812789
9814704
9817405
9831392
9853634
9857629
9859826
9879616
9888934
9891721
9896483
9917325
9925110
9927400
9928115
9928681
9936590
9963582
9963977
9968415
9970654
9973085
9992766
9996373
9998052
9998175
10006797
10009666
10016942
10022200
10027120
10036133
10054413
10069000
10081257
10087315
10090699
10092382
10095809
10106132
10112152
10116452
10117688
10118832
10120143
10137001
10139987
10156254
10173966
10176184
10215898
10222108
10222659
10226650
10235114
10235391
10235866
10253881
10254340
10259633
10266438
10267275
10275662
10285078
10308600
10312153
10323418
10326841
10328197
10330259
10333643
10339965
10347975
10351520
10356455
10359725
10362363
10366767
10366860
10367380
10376661
10384623
10386266
10388705
10392774
10396388
10411887
10426500
10428000
10433195
10435579
10441018
10443558
10447277
10450153
10453007
10461867
10481756
10503329
10506254
10508521
10511702
10514048
10528551
10528996
10531085
10559541
10560493
10586676
10612344
10616292
10619237
10626271
10636692
10651215
10652869
10653973
10657336
10674584
10684461
10691559
10699531
10705728
10708988
10723324
10730280
10748593
10778878
10781481
10787609
10788965
10791998
10796716
10802159
10807375
10811078
10815512
10838465
10844911
10849108
10871188
10889308
10892911
10897087
10897562
10903641
10919184
10924029
10930808
10931778
10939731
10948197
10974479
10975503
10980472
10986965
10988988
11004051
11015049
11021540
11022641
11023350
11027796
11033682
11042047
11042743
11062718
11065562
11069182
11072724
11073347
11076126
11087790
11088214
11093581
11094201
11108504
11117577
11131970
11138637
11148881
11149793
11157203
11157819
11160220
11161325
11169494
11170571
11186178
11188871
11189409
11191837
11198719
11201113
11205103
11208428
11214117
11220793
11222685
11223587
11223832
11231930
11233388
11234627
11249104
11251794
11256037
11269341
11287130
11287443
11300851
11301026
11309080
11318893
11324406
11351305
11363072
11377294
11377905
11379649
11382531
11386253
11394045
11403164
11420973
11422344
11424359
11431114
11464931
11486264
11488690
11489701
11490217
11494042
11496692
11507262
11512058
11512331
11515829
11518275
11520806
11523317
11523539
11524443
11537479
11539208
11540001
11543249
11551042
11555259
11565508
11570605
11578251
11582218
11583936
11586877
11587676
11596902
11599872
11603772
11604463
11606609
11612352
11620954
11629636
11629950
11655817
11657734
11659350
11666057
11681906
11689674
11692284
11701493
11702543
11706201
11711829
11719655
11732008
11737489
11737699
11738424
11747122
11761626
11771380
11775253
11775663
11784654
11790045
11791146
11795803
11799762
11823408
11826398
11832471
11853657
11856248
11859503
11868150
11872693
11880827
11882528
11888760
11892585
11900818
11906988
11908670
11909644
11911918
11917840
11922534
11925326
11929365
11931609
11932902
11936208
11936941
11938446
11942698
11943221
11948309
11959631
11965293
11973292
11986693
11993905
11996138
11999123
12000206
12001067
12010349
12011806
12014430
12022815
12029690
12031370
12052037
12065768
12068784
12069633
12072975
12076211
12078468
12081945
12087993
12092072
12100871
12106121
12116360
12122787
12128133
12132718
12136572
12137758
12143518
12150129
12151281
12155627
12155757
12157154
12161416
12167284
12171729
12187457
12188603
12191343
12193659
12213497
12217058
12233644
12234617
12236470
12239574
12241094
12244293
12245219
12249866
12251510
12252639
12261366
12264084
12267174
12267179
12270283
12274995
12282996
12284292
12290408
12292308
12297874
12307769
12312121
12321596
12326268
12349399
12351279
12359758
12364424
12367253
12371787
12372203
12375483
12382476
12385955
12389968
12390432
12393670
12396476
12400761
12406790
12407260
12411604
12412450
12416858
12417688
12424773
12430117
12448160
12448164
12456701
12457379
12467325
12473557
12473942
12477935
12483388
12486689
12486853
12487607
12487794
12490246
12490605
12500283
12508947
12509833
12510023
12513814
12519031
12519634
12521985
12524137
12528869
12528990
12533910
12533934
12547704
12548822
12550733
12551961
12555868
12564187
12564212
12565891
12572127
12583796
12583916
12587123
12595688
12598073
12599297
12599444
12612741
12621188
12621590
12626330
12630184
12637158
12638481
12648387
12652946
12653676
12655642
12659317
12660751
12662193
12665422
12667968
12678400
12679350
12680054
12682889
12687029
12692338
12703940
12708387
12712990
12724923
12727450
12739286
12754533
12761173
12767216
12779516
12779777
12782452
12786237
12786363
12787122
12790766
12794312
12801932
12803595
12807098
12808563
12809714
12813731
12833088
12837532
12840602
12846098
12846555
12849762
12851748
12851814
12852585
12854472
12855475
12857107
12857825
12857970
12869157
12869449
12869520
12870203
12871594
12875473
12880845
12882961
12889898
12893697
12903101
12906649
12910578
12910925
12915261
12915743
12919013
12922576
12923234
12929757
12930113
12935494
12942046
12942308
12942893
12947818
12955620
12956854
12969534
12979510
12986500
12997317
13004852
13007897
13008071
13013765
13021589
13027805
13034440
13045569
13046129
13049470
13059136
13061161
13065718
13071299
13076614
13086433
13090210
13109262
13110614
13124856
13126814
13127114
13127591
13128822
13132619
13138309
13147750
13149431
13150690
13156367
13160182
13163946
13164913
13166258
13166688
13176997
13179905
13180200
13189589
13190282
13191890
13192059
13199499
13235865
13238557
13241781
13250651
13259784
13266563
13272664
13273932
13280313
13285117
13300560
13305576
13315780
13322823
13337145
13353590
13357093
13380208
13384613
13385437
13389006
13402643
13403336
13408820
13409589
13410482
13422154
13426775
13428454
13431304
13440971
13442627
13445497
13449922
13455368
13461953
13463318
13478695
13488297
13493406
13495232
13495695
13501769
13503226
13516954
13518143
13522752
13527568
13546684
13563214
13582251
13588793
13590188
13590906
13606131
13614209
13620864
13623724
13633877
13634099
13636338
13649540
13655688
13655816
13658716
13660581
13661658
13672843
13673554
13674605
13679895
13685275
13690274
13693635
13697142
13700534
13710401
13714057
13723417
13723502
13724132
13738214
13738224
13753963
13766656
13768592
13770182
13771096
13772720
13803866
13804103
13815854
13817127
13818048
13836594
13842681
13847702
13847831
13855339
13857137
13857355
13867823
13870861
13877475
13887782
13891510
13894935
13902324
13903270
13906748
13926601
13937261
13937374
13939349
13940930
13952872
13962262
13966245
13974129
13983827
13992716
13993243
13994543
13997547
14001790
14003956
14024837
14025389
14029962
14032826
14035198
14042070
14063827
14064590
14088083
14093313
14097066
14098143
14101557
14103668
14117803
14122412
14125320
14131548
14144161
14174174
14175072
14186722
14191295
14206195
14216502
14224611
14238767
14243094
14257833
14273418
14275099
14277314
14284416
14286502
14294478
14299512
14304251
14306384
14317135
14327096
14346831
14347487
14348573
14349331
14357065
14370948
14393104
14396270
14406219
14431052
14450448
14463218
14500724
14502178
14505014
14515360
14524451
14528458
14533583
14533930
14535121
14535277
14537963
14538540
14546269
14546886
14549726
14550110
14552947
14557334
14563833
14574855
14576549
14589719
14597947
14601546
14603135
14613908
14615231
14615518
14620091
14622050
14622498
14625137
14625187
14654436
14656522
14664215
14671221
14672291
14677737
14681647
14690722
14694300
14705213
14714797
14718443
14719094
14727609
14731029
14734437
14750540
14757932
14770872
14773255
14773473
14780626
14780822
14795181
14800337
14809393
14810220
14813034
14817835
14819167
14823147
14826847
14832833
14857145
14859984
14876842
14880843
14884070
14897747
14901270
14902808
14904124
14908473
14914469
14914623
14921228
14921635
14928358
14932198
14936032
14936804
14938619
14939986
14943440
14970299
14972411
14973630
14978304
14983551
14986933
14996952
15007729
15008891
15010221
15014170
15016244
15029559
15031423
15032628
15055131
15055861
15069278
15078267
15078654
15079911
15085485
15086950
15088555
15098291
15134491
15135829
15141815
15150865
15160607
15160658
15176530
15177336
15181959
15194512
15202763
15206799
15211982
15221812
15232188
15236740
15247387
15250506
15251661
15254079
15257353
15298803
15303717
15307039
15308850
15309011
15312797
15312989
15315994
15319864
15347173
15347523
15351617
15359339
15362572
15363624
15379174
15403020
15403835
15413286
15414398
15416837
15429848
15429928
15430439
15431449
15433128
15433333
15434403
15435644
15439282
15440185
15456355
15464135
15465853
15466473
15482473
15489189
15499156
15504223
15512819
15527933
15540300
15567415
15568143
15574522
15578094
15578880
15580064
15585149
15603930
15605921
15606525
15607242
15613342
15614081
15619030
15631058
15636874
15674408
15674640
15674762
15688795
15695547
15697970
15700432
15701074
15701198
15707110
15715219
15720051
15721167
15736767
15737400
15741040
15742785
15752205
15757838
15768358
15769470
15774962
15782739
15782753
15785621
15788714
15793666
15794884
15797497
15805313
15805527
15807776
15824285
15827268
15839892
15847705
15861028
15864477
15865018
15868840
15873547
15881186
15881368
15883979
15889905
15890414
15895181
15897045
15901417
15902231
15916420
15919263
15921037
15921249
15921415
15922947
15923272
15928349
15929718
15929980
15931035
15944717
15945282
15963559
15964941
15969335
15977195
15978091
15979735
15979905
15981011
15983928
15986693
15989829
16016513
16022964
16023606
16032273
16032822
16037400
16038056
16038517
16044147
16047210
16051428
16086936
16089788
16100016
16109317
16117635
16124493
16129452
16135472
16141051
16160632
16162169
16165263
16181332
16181367
16182104
16183064
16209637
16216732
16226351
16230949
16236650
16278238
16278864
16280298
16285614
16305136
16305195
16307943
16310604
16341126
16369393
16373117
16409898
16415854
16423864
16438341
16453710
16455759
16464254
16470057
16499042
16503473
16512036
16513343
16538003
16559508
16568516
16569455
16570100
16577018
16625164
16638626
16645234
16661286
16676274
16677987
16693604
16710236
16719780
16732282
16749820
16752663
16756496
16757755
16760336
16760574
16760918
16761645
16764026
16773271
16774543
16779123
16781245
16783088
16783951
16797156
16810467
16813756
16816589
16817322
16825309
16831046
16846803
16849993
16858649
16859146
16864501
16865045
16884378
16885877
16888141
16907086
16907486
16912113
16918585
16919055
16919556
16947111
16950681
16964399
16980282
16989944
16991073
16998477
17005072
17011019
17015033
17015307
17042085
17046738
17051585
17054201
17059818
17062397
17084657
17086585
17097906
17111814
17118325
17129278
17134833
17138288
17144390
17152727
17161335
17166254
17177080
17178897
17198171
17203895
17204384
17207367
17230238
17243151
17249677
17255071
17277219
17277780
17284073
17285786
17287073
17297093
17307081
17314378
17321513
17331327
17338272
17341537
17348342
17356103
17371710
17377604
17384886
17391325
17397712
17410468
17419023
17430504
17456010
17490391
17496198
17498239
17503276
17519920
17523880
17531493
17531699
17532605
17553144
17553180
17557798
17565611
17573170
17591572
17592190
17606396
17606508
17614687
17624012
17624847
17627621
17636457
17642182
17644452
17644542
17656310
17658306
17658902
17659307
17668947
17672198
17682450
17716536
17717421
17746484
17764048
17764597
17769972
17777674
17782553
17797336
17801189
17804378
17808218
17815768
17816695
17825764
17829301
17834991
17837681
17841809
17843704
17846809
17852079
17861186
17876986
17877624
17878284
17886881
17891882
17896122
17896923
17900160
17902623
17905855
17913803
17921132
17921882
17923549
17928575
17931588
17934588
17939840
17946529
17948977
17956181
17961489
17968165
17982804
17984679
18003129
18004294
18012310
18020207
18020371
18023373
18023439
18041784
18044528
18046127
18050018
18075530
18083677
18091078
18093368
18106444
18115158
18118169
18123396
18124501
18129559
18134001
18151816
18167164
18183337
18204743
18235285
18251778
18255611
18256626
18262267
18262439
18265944
18287478
18288076
18290677
18306037
18309373
18313202
18324031
18336087
18336892
18345386
18345729
18347753
18360495
18363967
18364811
18369560
18376747
18378187
18379604
18398794
18399974
18407643
18416504
18422017
18429049
18429162
18429973
18443891
18444207
18444626
18446466
18458128
18458951
18461823
18474645
18489403
18506749
18515349
18516310
18516432
18516774
18517840
18522341
18523474
18523836
18526783
18528818
18542011
18548768
18552003
18557028
18566912
18569908
18584240
18600640
18619434
18622662
18624966
18634842
18635167
18640776
18641348
18646754
18650151
18652084
18660050
18660602
18662052
18662507
18663799
18665515
18665698
18676011
18678695
18684676
18706404
18714637
18716302
18723689
18725671
18731295
18742491
18746717
18753256
18770272
18772263
18772558
18773573
18784196
18786812
18789617
18793318
18801440
18806198
18808057
18809947
18810729
18812745
18813303
18834593
18838846
18846615
18848950
18849453
18862577
18862942
18877568
18881391
18881670
18883160
18884045
18892068
18894853
18905179
18908213
18914729
18917679
18925294
18932702
18933209
18933697
18935952
18947608
18949639
18950588
18955845
18968190
18969465
18971053
18974302
18986662
18997538
18999286
19002623
19004208
19004514
19011207
19013642
19013979
19014240
19016821
19018545
19020548
19021202
19022265
19022464
19025767
19033015
19034392
19034475
19035188
19035786
19038156
19038569
19038588
19042247
19059675
19064113
19070315
19070902
19075054
19077715
19086881
19087270
19098526
19099629
19112785
19116419
19127868
19132263
19134022
19135225
19140642
19143767
19144849
19155147
19156679
19161126
19166027
19177082
19200816
19202414
19202665
19207228
19207511
19215384
19216741
19230143
19233266
19255591
19259648
19262002
19268868
19283252
19291929
19293214
19299856
19301454
19308641
19313745
19329771
19335288
19346866
19350714
19358586
19362650
19363601
19366287
19370185
19374797
19377054
19390725
19393042
19396603
19400680
19408601
19412225
19413665
19422526
19425865
19440523
19445582
19446271
19469900
19477491
19486457
19514976
19519956
19520918
19523101
19557402
19566467
19577589
19579036
19580944
19602444
19603024
19625417
19631494
19633317
19637561
19643374
19643730
19650513
19654952
19659810
19666352
19668371
19673276
19679625
19712648
19717354
19738263
19754023
19760280
19760622
19768835
19780119
19782865
19783782
19791172
19829367
19831345
19831415
19837203
19839226
19843961
19855411
19856698
19857111
19860568
19861198
19870216
19873712
19875384
19876557
19879872
19898747
19899031
19899111
19899600
19900678
19901051
19902473
19911263
19917505
19917585
19919864
19932795
19938261
19948479
19957195
19960110
19962896
19963557
19971991
19973872
19976185
19977728
19981430
19998064
19999831
20006781
20009424
20013984
20047844
20074989
20084768
20085601
20088308
20091405
20104005
20104674
20110462
20112265
20116191
20125319
20130611
20136762
20140153
20141529
20161180
20163646
20167416
20171559
20173480
20178472
20182958
20189227
20192155
20199320
20214096
20218645
20232612
20273808
20276453
20277510
20282000
20296912
20299146
20299629
20304243
20305346
20311319
20330409
20330726
20341973
20342395
20354771
20355258
20365478
20366040
20368312
20369626
20372851
20373615
20379456
20384487
20388135
20395812
20409839
20412435
20415287
20422389
20432570
20436624
20451525
20462852
20465872
20472291
20484516
20502316
20520280
20528790
20536421
20558069
20563643
20564474
20567133
20568586
20568589
20572365
20572799
20581092
20581424
20600957
20614562
20614970
20625961
20633649
20634704
20648866
20654135
20657789
20667754
20668558
20678067
20697876
20703568
20707646
20713438
20720754
20721779
20743454
20748817
20754754
20759946
20763305
20767447
20769121
20769600
20771740
20772824
20795920
20815820
20819679
20831014
20831446
20834293
20838090
20848457
20855966
20864026
20876186
20877529
20880914
20884332
20891018
20892024
20895720
20895821
20896705
20898130
20903069
20904803
20908056
20908095
20931705
20941886
20945534
20950647
20954884
20962687
20973648
20974479
20975819
20979630
20993215
21014379
21015324
21015492
21016453
21017697
21020694
21029037
21043735
21045985
21047452
21048677
21051686
21053635
21054597
21065821
21073247
21075944
21095643
21108622
21120445
21126121
21132828
21134787
21152701
21158559
21167388
21167939
21184116
21192359
21193873
21222408
21229150
21230512
21233531
21234651
21242150
21248453
21253855
21254694
21263517
21263617
21283503
21288766
21295242
21302327
21304159
21310527
21323216
21333557
21338899
21347180
21348884
21367521
21374051
21376028
21378676
21386111
21390313
21410007
21423531
21424019
21428870
21435230
21435725
21447581
21447599
21454014
21454322
21461932
21477642
21481620
21488134
21488366
21492083
21506721
21507560
21508600
21510755
21538638
21542750
21555668
21560724
21560906
21562916
21564092
21571914
21576413
21577688
21578108
21579623
21588300
21592838
21604612
21604668
21608290
21611215
21615548
21626121
21628599
21644922
21654051
21666935
21667167
21667220
21667358
21667572
21668004
21668030
21668196
21668455
21669527
21670759
21678141
21680704
21683612
21684259
21688753
21706431
21707312
21709426
21716330
21719291
21730249
21732075
21742402
21746577
21760990
21765984
21770733
21772126
21787921
21788164
21791770
21792581
21801896
21805825
21806459
21806980
21807998
21809763
21814323
21822188
21822623
21823348
21824207
21824381
21824449
21827713
21831242
21834025
21835259
21839841
21844672
21857586
21868878
21871746
21875131
21877614
21884465
21884636
21889064
21892107
21894490
21901726
21901824
21905938
21909547
21909582
21934745
21940979
21950583
21952498
21970421
22000563
22000861
22004800
22005618
22008536
22012279
22013621
22017263
22024024
22027047
22033394
22061868
22064960
22094701
22108160
22120231
22121852
22121896
22125769
22142739
22150670
22151331
22151444
22151519
22152997
22153934
22178847
22179739
22183143
22183780
22183985
22184226
22184386
22187379
22193500
22193931
22196673
22199256
22208291
22231145
22236135
22246563
22264682
22275336
22276620
22278441
22281316
22284847
22285686
22286168
22289607
22291044
22307731
22312796
22314751
22322018
22328498
22333435
22345551
22354593
22357011
22364773
22369828
22372828
22378227
22380781
22381181
22387028
22391098
22392133
22408532
22413609
22420931
22425647
22425656
22428411
22428989
22438038
22440251
22444921
22445170
22445913
22473238
22479010
22481690
22487685
22492538
22505730
22509111
22514216
22519887
22524125
22524765
22527764
22533020
22535552
22547912
22550025
22553854
22556958
22575574
22576663
22576751
22577693
22579952
22580519
22581898
22592911
22604267
22611599
22616513
22618396
22626107
22629325
22629578
22630242
22633836
22635239
22645624
22655901
22660210
22678317
22682918
22683861
22686706
22686868
22691172
22692451
22703798
22713259
22728710
22738402
22751278
22761760
22763823
22776783
22777894
22779543
22784839
22789218
22814174
22821477
22836139
22837323
22872730
22874886
22876145
22877207
22880508
22884451
22888524
22909154
22911674
22913498
22913563
22927557
22928428
22942887
22943763
22950517
22953647
22960843
22982255
22988994
22989292
22989795
22994985
23003831
23005887
23011694
23023727
23024121
23030524
23038248
23038680
23052697
23078986
23096638
23101411
23108105
23110064
23120881
23121551
23126233
23134823
23136987
23140697
23149870
23157391
23159336
23159807
23160491
23165493
23165724
23174785
23178048
23178815
23182890
23185704
23198356
23203241
23203491
23205980
23227093
23248791
23260752
23263393
23276220
23276627
23278416
23278699
23290898
23293756
23297384
23299917
23300549
23317868
23330412
23337001
23338009
23339169
23342528
23347267
23349253
23352413
23363089
23378076
23378180
23379142
23390225
23403383
23404174
23406732
23412853
23417744
23419187
23421161
23432203
23433989
23438187
23439595
23445673
23460099
23475121
23479112
23480047
23487031
23490576
23492420
23492439
23493362
23493690
23508962
23509545
23511743
23512273
23513359
23517636
23524656
23525736
23528020
23531020
23533312
23548953
23553691
23553738
23556055
23556177
23562530
23564973
23573989
23574669
23574770
23583449
23583855
23584197
23584234
23584638
23590143
23597277
23598719
23600342
23615826
23630345
23640149
23642350
23643646
23645056
23645193
23647494
23661878
23666136
23666758
23668431
23668861
23682260
23691229
23691965
23699292
23701113
23707606
23713760
23715744
23746477
23756461
23756890
23760826
23764053
23771427
23774854
23790763
23791785
23795685
23797509
23804556
23805906
23812024
23812372
23825782
23833365
23838457
23848964
23850329
23854612
23854879
23855167
23858514
23864346
23868645
23877066
23879854
23882706
23884775
23886036
23904299
23908032
23918576
23923297
23923784
23927756
23930083
23930178
23930254
23934620
23935922
23935964
23936242
23947224
23953823
23955428
23966713
23967910
23972296
23973213
23976117
23976292
23980957
23980966
23981980
23987614
23988168
23989159
23991497
23994796
23995534
23997668
24007787
24009012
24011012
24013049
24014993
24015784
24020777
24030532
24037741
24045419
24046359
24047631
24051726
24053477
24060967
24075386
24076243
24084918
24102437
24117337
24132469
24134407
24135119
24138902
24139164
24146787
24154350
24161253
24163174
24167285
24168206
24172873
24180325
24190710
24191833
24197594
24223013
24228452
24231314
24234457
24235037
24241061
24262625
24263711
24270690
24274546
24286957
24290831
24291871
24294616
24296425
24300210
24301480
24308774
24329935
24330233
24330902
24334912
24337369
24342874
24354123
24354612
24360129
24361221
24364823
24370213
24375588
24397136
24414042
24421301
24421574
24431456
24438809
24452662
24471513
24473614
24482861
24504419
24511599
24518646
24538170
24541055
24545090
24548373
24554006
24561506
24561729
24566409
24582392
24593054
24599862
24605773
24608271
24615395
24620264
24631582
24635847
24639280
24659849
24661196
24674476
24675784
24692522
24693572
24693673
24701964
24713916
24729846
24730411
24731320
24739970
24745507
24749762
24755876
24757838
24760432
24760842
24796896
24806047
24807719
24807941
24814445
24817261
24832954
24857249
24859102
24859695
24864559
24883398
24897278
24903317
24907705
24912543
24913814
24914684
24914694
24932129
24933861
24939758
24946407
24955319
24962005
24973632
24977302
24977706
24985011
25000631
25008081
25011369
25021789
25023370
25023710
25028278
25033939
25045529
25077542
25081081
25081720
25084939
25088098
25088158
25100064
25101070
25103356
25105385
25110340
25113948
25122412
25122627
25130057
25131713
25136892
25138314
25144954
25163374
25175199
25176091
25190860
25191470
25192715
25196330
25200249
25205425
25207649
25210916
25211822
25216862
25226402
25232018
25232647
25236645
25238526
25260811
25263285
25263626
25271539
25273682
25301019
25314773
25330171
25334086
25335944
25338013
25339257
25339461
25340857
25344311
25345807
25346231
25368932
25372091
25397318
25406354
25408157
25409447
25426557
25457201
25458211
25458265
25469469
25477363
25491779
25492908
25493026
25506134
25510750
25517142
25517262
25533143
25541077
25541237
25542462
25546203
25547462
25549121
25550642
25551808
25552335
25558326
25564809
25567802
25567986
25576075
25576578
25576756
25584527
25601272
25613870
25614296
25620555
25656105
25657893
25667301
25668871
25675918
25688303
25702056
25703266
25704828
25710638
25718002
25727232
25731414
25732307
25737597
25743408
25751820
25754431
25761420
25762883
25765747
25768524
25785130
25800239
25800462
25802642
25804142
25812385
25813527
25824575
25827200
25844672
25851551
25862630
25870024
25873730
25879345
25888571
25895336
25914704
25915358
25934108
25943498
25944785
25945684
25949822
25969923
25980713
25983044
25983399
25989816
25994885
26010600
26018764
26027948
26035311
26038282
26039516
26046621
26062114
26064432
26064840
26065551
26066150
26068846
26075632
26082491
26101491
26106277
26111334
26113909
26119576
26137170
26154889
26163815
26165821
26181452
26183051
26184851
26189512
26191653
26201109
26206004
26207981
26210064
26230197
26232258
26236440
26236988
26247732
26263261
26267563
26271279
26281999
26292640
26299558
26299604
26303268
26314574
26322280
26322415
26328089
26337724
26342592
26354241
26355645
26357700
26371150
26371415
26381248
26384583
26401446
26404640
26409778
26414531
26427657
26429753
26436315
26440498
26441550
26448665
26452946
26470854
26475277
26487016
26499028
26522881
26526778
26559593
26569724
26577010
26598788
26605827
26615437
26618931
26620016
26620144
26622959
26623843
26631291
26633003
26633170
26654483
26655258
26655916
26664273
26676672
26677325
26684420
26690701
26699192
26705294
26721554
26725302
26725428
26725780
26743279
26745868
26758096
26774325
26779744
26784234
26815294
26815619
26818638
26824290
26827722
26829675
26871785
26873903
26877159
26877964
26888017
26893855
26908859
26908938
26913976
26922576
26948021
26985766
26987223
26994602
27000093
27000323
27008143
27014362
27015074
27016894
27017151
27018817
27023208
27024384
27025952
27028199
27030105
27034178
27051087
27065421
27067228
27068839
27081054
27088256
27097974
27099958
27105278
27107728
27111987
27116482
27117975
27119163
27121524
27126293
27128405
27128411
27134070
27146490
27156900
27159266
27171853
27173753
27173854
27180458
27191783
27203007
27209498
27209901
27223365
27227000
27227571
27240668
27242720
27250601
27262083
27289973
27291538
27291941
27302349
27310823
27311406
27311864
27317752
27318681
27329414
27332288
27335753
27344229
27349730
27355521
27356735
27357721
27371868
27374267
27382642
27384302
27386478
27400545
27407750
27410439
27411663
27414093
27419583
27422061
27432082
27435111
27439718
27448186
27451042
27459787
27462287
27470527
27476065
27482923
27484355
27490308
27493815
27495311
27503711
27508032
27534342
27534842
27543115
27545404
27563687
27567747
27570380
27571067
27574761
27575908
27581199
27581236
27583169
27584220
27587821
27590466
27591497
27593510
27593593
27596246
27605447
27622260
27623776
27627133
27631248
27642554
27642568
27643937
27644157
27645988
27655007
27655746
27656359
27656397
27658131
27659608
27660837
27665675
27676534
27682014
27697641
27704246
27711141
27712373
27714898
27721168
27731337
27734064
27739316
27749268
27762036
27763305
27795420
27800234
27804331
27815560
27830060
27857702
27860783
27867434
27868252
27871691
27873458
27876045
27881601
27884334
27886756
27889279
27899324
27908048
27912373
27914031
27925262
27931424
27932925
27938404
27947288
27948167
27948277
27951979
27953028
27966763
27976165
27986562
27993139
27995837
28005733
28012436
28013951
28018378
28027799
28030764
28031461
28032399
28034353
28062740
28068786
28072912
28075190
28075357
28081073
28082816
28093793
28100736
28103388
28103648
28104621
28107049
28110847
28111507
28113035
28119638
28123503
28132423
28138285
28139506
28142484
28144786
28163797
28167431
28170638
28176247
28178344
28205959
28213551
28215048
28226679
28231076
28235499
28244375
28247470
28262517
28266388
28267230
28268486
28271227
28273528
28279617
28282308
28287308
28298451
28304171
28316898
28319977
28322828
28334033
28343460
28357910
28362706
28379458
28384871
28386515
28390364
28400564
28409769
28409812
28411100
28415982
28444898
28452074
28453709
28467442
28468720
28473853
28477978
28487162
28497789
28503948
28510556
28553621
28560481
28563342
28565245
28591245
28618451
28619643
28621641
28626308
28633212
28642366
28644414
28647388
28649542
28651639
28654415
28655291
28675605
28684403
28685868
28712415
28713141
28714659
28719199
28729202
28732330
28757859
28762737
28772470
28778570
28786367
28790044
28792684
28796852
28801094
28806871
28811158
28822662
28823906
28825854
28840210
28847169
28854890
28857542
28862040
28867309
28877371
28883037
28884363
28886510
28898394
28905700
28907397
28913834
28914014
28925315
28927005
28927358
28931632
28932946
28935825
28936894
28951338
28951749
28951923
28971734
28972847
28974034
28979529
28979550
28987855
29015005
29019941
29029027
29030363
29044100
29050625
29066440
29066734
29070801
29133372
29134483
29145867
29148342
29149709
29154047
29171612
29179491
29182687
29203749
29203841
29213561
29214392
29222797
29231517
29240803
29255948
29259340
29259365
29264509
29267833
29272057
29272515
29273779
29274197
29274249
29320123
29321419
29323279
29323481
29330836
29333764
29343149
29344900
29348116
29365801
29372501
29375205
29398451
29400114
29402082
29402357
29404459
29406202
29415360
29420036
29421398
29435886
29436467
29443984
29444501
29446493
29448910
29456257
29460093
29470301
29473120
29475387
29486547
29489150
29495813
29496571
29508429
29508712
29513238
29516312
29525347
29535554
29536717
29537629
29540945
29548797
29550804
29552655
29564853
29564965
29566716
29571060
29574232
29575931
29581959
29593941
29597182
29606189
29608574
29608740
29615470
29625631
29629755
29650051
29650093
29652940
29653511
29662889
29682634
29689670
29690043
29691757
29694105
29698127
29702833
29704007
29706390
29718950
29719064
29722979
29737667
29753960
29758209
29761572
29763476
29763934
29766923
29776514
29782729
29784222
29793597
29804096
29805604
29830604
29859757
29871254
29881669
29886446
29889409
29899038
29902093
29903801
29918781
29919592
29930111
29947907
29953341
29957846
29959216
29971827
29992116
29997430
30002195
30010069
30013293
30017825
30018319
30037598
30058303
30072966
30073441
30085660
30085776
30098135
30102319
30102814
30105920
30114948
30120886
30151341
30158151
30162020
30165097
30165913
30170125
30170679
30172693
30175442
30189091
30196435
30197584
30210699
30214067
30223370
30227659
30228230
30237879
30245366
30246775
30249972
30250801
30251508
30256056
30259590
30270996
30275008
30275667
30290810
30317920
30321425
30335208
30335712
30350151
30370937
30372303
30410221
30423541
30424498
30438867
30461065
30471523
30488862
30492616
30494091
30495781
30506599
30508439
30512307
30512467
30512913
30528439
30542765
30545164
30546981
30554118
30585648
30586554
30594920
30601456
30633497
30637029
30640185
30650828
30658625
30659187
30663920
30666411
30676589
30684513
30687087
30698155
30699557
30700101
30701058
30708167
30723609
30724472
30726185
30727233
30746002
30763786
30771270
30772509
30776000
30785904
30794317
30815242
30832226
30834656
30835434
30838222
30841504
30842252
30846030
30860332
30862456
30862900
30863753
30863897
30863996
30864246
30864812
30865784
30870650
30875160
30876705
30883503
30894945
30919924
30933408
30948849
30957671
30961162
30961506
30971770
30981991
30983240
30998683
31005379
31010516
31010528
31019547
31026620
31028705
31029994
31030084
31037297
31042418
31056226
31057260
31071235
31074207
31078443
31079208
31080581
31088086
31092911
31099149
31102433
31109612
31113634
31117483
31122767
31126572
31126765
31130016
31130211
31138618
31150265
31150677
31153243
31155876
31163425
31170146
31170962
31171427
31173301
31176105
31178609
31185812
31193688
31197093
31200324
31201758
31209681
31211665
31213580
31214792
31226413
31228286
31248709
31251381
31257983
31261744
31269750
31271159
31272553
31283264
31289230
31296566
31297568
31307587
31321387
31322646
31331636
31332586
31340628
31344966
31348737
31352141
31360216
31362083
31366226
31385321
31387374
31407775
31418222
31421962
31423807
31425831
31427217
31458892
31476508
31476698
31491265
31505102
31510571
31516522
31518453
31520725
31529883
31532443
31533678
31544633
31547326
31549044
31568291
31569430
31572508
31573076
31582383
31589876
31595966
31600018
31601753
31603367
31621759
31635000
31635284
31646716
31647034
31649329
31649535
31663120
31668699
31677473
31677895
31685185
31686240
31687150
31687609
31689557
31698139
31708553
31714788
31732450
31734107
31743377
31744244
31753236
31756213
31761304
31762513
31799859
31800939
31809076
31813178
31813186
31821967
31831222
31832608
31837522
31840790
31846228
31846689
31850239
31850318
31850774
31869054
31871609
31875301
31893071
31894629
31901847
31918459
31920647
31927797
31945216
31945621
31954216
31959246
31961380
31966806
31983774
31999673
32000800
32003535
32008351
32016375
32019933
32025241
32028576
32038071
32039837
32059647
32062662
32075508
32087269
32095237
32106084
32130064
32142832
32143824
32146734
32149007
32151018
32175998
32176903
32181610
32185909
32188572
32189993
32198211
32199879
32204155
32219606
32222963
32228312
32229954
32244694
32246045
32246326
32247868
32252663
32272909
32295766
32308189
32308335
32310946
32313328
32317030
32324833
32332049
32333185
32335972
32347677
32348493
32350911
32368151
32368955
32372739
32382778
32386732
32396816
32410656
32421211
32432301
32432572
32442173
32445477
32447342
32463684
32485149
32493390
32495449
32501689
32522284
32528957
32541825
32544241
32573764
32576897
32578139
32581378
32585631
32590529
32615653
32620281
32622286
32623859
32626018
32638588
32643362
32661386
32662424
32679270
32679881
32689746
32699970
32706349
32714066
32716953
32730892
32731350
32732680
32733135
32767497
32784185
32788417
32791588
32826298
32849668
32851127
32879169
32886130
32886383
32886653
32887683
32900340
32910016
32914867
32915630
32919067
32919478
32930237
32933571
32939638
32942244
32949250
32952808
32961206
32965228
32966968
32967021
32970496
32972303
32974502
32975207
32975793
32977936
32980689
32993611
32998526
33000626
33003922
33008372
33010541
33017284
33023200
33044275
33046977
33051700
33056322
33057556
33060367
33063630
33068838
33069608
33089302
33098466
33103706
33107481
33121228
33124241
33125988
33135981
33136695
33139972
33147197
33157243
33161055
33162025
33162825
33165754
33166995
33184983
33186568
33207396
33209053
33211518
33211941
33218806
33219843
33220826
33225631
33245209
33247381
33256274
33259967
33265115
33278363
33279153
33286943
33288001
33290215
33294463
33300771
33303856
33309889
33331541
33336685
33343797
33353671
33362171
33364526
33365330
33368129
33383688
33386166
33407841
33413756
33416908
33430595
33437862
33452545
33459431
33471714
33476542
33478680
33478839
33479444
33486082
33487572
33490319
33499811
33502261
33503191
33516615
33524643
33528065
33534112
33535143
33546474
33555982
33560784
33572217
33582821
33599700
33601877
33614105
33614415
33618313
33622751
33623384
33629798
33634442
33655986
33668647
33677581
33681589
33697473
33698655
33713521
33734836
33745380
33758084
33759622
33766542
33773383
33791741
33791957
33792028
33792339
33801135
33811136
33811447
33814103
33820409
33820532
33830630
33833323
33843588
33854713
33859897
33864721
33865084
33872335
33874155
33889472
33899781
33908512
33911965
33917523
33930971
33936267
33938784
33945109
33947511
33951501
33952207
33957010
33958160
33958432
33965639
33966909
33973723
33982351
34003886
34013047
34015161
34025493
34026575
34026614
34042510
34043612
34045283
34049008
34054812
34059664
34064913
34065969
34068245
34075628
34078486
34080211
34084810
34093601
34112787
34140221
34148366
34150297
34167617
34177955
34184417
34195578
34203266
34203559
34213427
34216325
34217031
34223212
34230305
34237291
34238720
34239157
34246951
34257640
34260877
34267157
34267932
34276272
34306995
34359853
34368647
34373306
34377858
34379096
34379151
34379364
34384417
34389216
34411270
34416873
34424263
34437600
34444123
34448404
34452481
34471903
34476530
34488965
34514659
34520158
34535125
34539205
34542372
34550264
34557509
34559599
34566833
34570970
34576408
34583302
34588927
34591026
34593554
34600420
34604126
34638292
34642708
34645415
34645700
34662027
34663300
34664174
34664907
34674768
34678004
34678820
34689800
34699138
34705435
34747708
34751201
34754849
34760098
34764203
34779640
34779765
34782510
34796846
34800119
34801173
34805727
34809302
34810750
34819243
34824631
34827053
34829799
34830765
34840398
34840845
34844153
34845159
34850824
34861302
34880786
34882041
34883367
34907651
34919727
34933123
34942158
34942775
34957427
34957832
34958382
34965587
34985129
34988091
35009358
35012246
35020847
35028433
35035665
35042976
35054704
35060374
35101202
35103035
35112947
35114815
35123079
35151991
35183069
35186439
35193788
35196216
35214448
35233488
35241371
35243000
35247722
35247854
35263170
35278759
35294977
35316843
35324972
35346927
35369474
35384654
35391263
35419798
35431536
35442212
35456186
35471575
35496115
35497128
35499437
35502511
35506894
35520635
35521715
35533307
35533375
35538717
35545166
35554437
35554490
35565144
35567355
35576181
35576772
35591479
35593547
35601361
35601388
35604516
35619464
35622373
35625823
35629332
35629498
35635905
35637012
35638126
35638431
35671323
35674407
35686017
35686216
35690153
35692852
35696259
35707631
35718337
35722812
35726646
35726799
35736300
35742771
35744944
35758147
35760512
35768383
35772619
35777699
35783201
35787863
35796227
35797480
35798234
35808619
35815338
35831983
35832546
35857245
35860886
35863323
35865254
35867647
35870431
35874408
35875004
35875794
35882023
35884227
35890725
35897772
35899949
35900695
35908478
35910171
35928296
35930328
35939626
35947232
35949056
35950797
35958642
35962435
35970211
35970916
35971416
35980882
35986366
35990902
35991971
35992050
36001046
36002113
36008963
36018132
36020767
36024978
36027599
36028839
36029697
36030310
36031157
36035869
36035986
36040446
36045908
36049699
36050343
36055122
36059847
36066992
36076010
36078643
36083373
36084028
36088162
36088647
36101239
36101543
36103883
36109159
36109957
36122547
36123817
36134745
36136333
36137628
36139648
36152863
36154394
36161830
36164792
36165068
36170816
36175484
36190509
36195099
36195632
36210198
36211191
36211528
36214304
36217067
36224541
36227325
36236484
36237521
36237816
36241442
36252302
36263692
36266046
36296054
36314771
36315190
36316325
36323194
36325639
36334859
36337829
36346746
36354680
36355597
36377782
36382070
36384193
36408884
36412305
36412497
36414404
36416376
36419610
36423286
36424168
36438694
36439722
36445923
36449078
36456820
36462686
36466001
36480045
36485199
36485366
36490843
36491026
36497431
36529689
36545604
36546050
36568594
36569419
36584659
36588344
36590304
36603213
36615771
36620376
36622160
36627360
36647408
36650843
36655220
36664550
36675123
36675804
36679268
36680526
36692183
36694616
36713796
36715249
36715327
36720324
36722714
36731673
36732658
36738262
36744540
36744857
36758381
36761266
36764770
36767111
36771916
36780106
36799561
36804997
36809063
36811222
36827569
36827725
36829777
36840610
36840857
36841433
36847343
36848758
36858999
36861296
36873795
36879993
36887765
36893772
36903305
36913680
36917049
36919239
36919428
36926784
36940416
36944273
36946159
36956907
36958936
36966837
36969824
36975014
36975442
36993135
36997308
36997723
37007351
37007385
37015016
37018721
37020446
37021002
37032293
37033407
37037828
37045391
37054004
37063549
37067446
37068313
37071478
37072508
37075099
37077165
37082907
37085834
37092306
37097728
37098022
37114483
37126611
37127196
37127832
37134008
37135424
37137147
37146874
37153132
37156332
37186598
37189876
37197829
37207442
37224553
37235105
37240908
37244080
37253168
37285394
37286316
37299429
37306818
37321067
37346883
37361235
37361297
37382448
37386236
37400421
37428368
37433767
37438578
37440558
37445909
37461653
37466715
37469028
37478039
37485798
37521966
37529958
37530723
37535357
37550983
37571014
37571771
37577678
37581762
37583347
37595932
37599627
37603616
37608236
37615676
37617798
37621865
37628360
37629705
37640562
37665431
37671504
37676827
37680913
37684484
37689124
37695688
37702401
37731412
37735925
37744388
37748108
37748946
37760571
37767728
37776687
37791126
37793874
37794883
37798281
37837033
37844941
37852923
37855911
37861430
37868745
37873412
37876383
37885984
37910263
37919903
37920621
37920938
37923687
37929094
37931355
37931503
37933634
37940060
37955351
37958642
37964032
37969746
37978151
37982255
37994694
37996012
38000241
38001519
38001891
38006762
38015134
38028939
38043565
38050156
38057453
38061946
38069242
38074027
38077826
38081247
38086626
38088031
38095103
38106490
38106564
38107694
38130192
38130821
38145132
38148032
38156735
38158880
38169419
38171378
38175330
38189100
38189335
38207712
38211473
38211756
38224323
38233561
38234601
38235180
38239026
38266924
38267096
38278812
38282927
38297184
38305773
38319541
38324663
38327051
38328694
38330430
38334964
38351295
38363182
38375996
38376996
38378414
38387370
38392550
38397866
38409095
38424610
38439706
38443894
38446305
38451237
38458284
38466940
38475896
38485432
38485732
38489498
38491071
38493857
38495005
38505019
38537603
38542650
38542709
38559672
38564337
38582141
38585797
38591058
38592716
38605569
38619622
38621635
38633371
38653818
38688358
38689021
38691395
38694748
38710489
38720783
38721168
38728105
38744979
38745230
38745393
38755313
38789654
38793602
38816920
38818277
38828534
38829323
38832224
38854122
38856153
38876236
38886445
38894865
38908031
38911528
38921653
38928858
38929012
38931518
38961291
38974150
38987182
39001178
39002288
39003022
39009510
39016921
39018926
39026650
39046871
39059765
39061647
39065026
39066560
39077682
39080263
39084411
39098303
39099958
39103624
39107339
39124620
39158653
39159094
39168085
39168178
39183912
39187810
39192544
39194488
39204577
39205920
39214220
39217154
39236107
39238017
39239055
39241228
39248960
39270035
39272295
39272682
39295130
39308210
39317302
39317451
39329056
39335431
39341165
39359413
39364530
39366438
39374141
39379286
39381842
39389933
39414498
39414669
39418121
39422068
39427021
39434497
39441015
39443820
39445474
39465857
39470602
39482664
39483157
39487022
39487777
39495960
39503345
39503886
39503920
39523202
39539035
39547423
39552618
39554690
39565559
39565974
39571443
39600610
39604795
39606230
39619057
39626335
39634641
39649552
39657125
39658873
39661732
39664587
39667189
39676043
39684287
39690050
39699702
39700916
39702985
39705955
39711276
39720235
39721337
39732435
39740959
39745848
39746979
39754665
39767196
39773336
39773684
39777741
39778979
39782090
39791812
39791915
39800933
39805859
39817999
39818284
39819880
39820791
39829361
39833445
39836848
39839627
39845441
39850050
39851421
39858474
39867197
39878407
39881502
39889727
39898018
39900986
39903230
39914903
39915558
39916187
39919400
39927060
39928800
39933757
39936919
39948279
40001774
40005076
40010678
40011588
40014165
40020179
40020280
40049574
40059924
40072661
40084424
40089329
40094737
40105008
40122557
40124782
40125423
40129199
40144050
40147856
40150616
40156377
40156465
40166276
40170617
40179944
40184222
40185647
40186925
40189660
40199488
40213941
40217011
40217071
40218034
40221051
40227348
40235164
40245171
40251537
40258032
40259215
40261700
40274554
40279193
40282609
40284615
40289532
40295976
40296108
40301227
40310312
40325188
40328495
40336040
40342811
40345180
40354901
40362416
40362649
40364592
40369377
40372161
40375316
40380144
40382935
40393943
40419829
40421966
40429591
40431181
40438181
40461600
40463078
40481107
40484409
40488888
40489588
40498293
40502215
40502734
40504849
40511985
40522400
40533546
40545940
40547064
40551275
40551773
40579068
40599573
40606724
40610208
40613340
40614489
40614689
40616208
40626462
40628092
40631856
40635484
40642073
40643235
40646617
40654102
40656708
40663198
40664443
40666444
40672897
40677663
40704373
40711385
40737657
40743932
40746944
40747281
40751256
40762097
40762291
40762580
40766708
40772064
40772977
40773463
40777238
40780230
40782122
40788316
40796149
40799286
40806574
40818469
40818716
40824022
40830086
40835153
40838834
40856871
40862451
40864631
40898480
40900649
40902943
40918480
40920410
40924951
40927840
40929802
40936720
40940019
40940036
40940754
40944128
40949237
40950849
40952257
40963842
40972021
40989594
40996674
40998147
41020277
41026404
41029816
41035258
41036113
41043105
41045246
41051480
41051925
41051942
41053928
41061522
41065844
41066648
41072331
41081225
41084175
41084893
41085013
41085544
41085855
41091741
41092833
41098344
41104632
41121811
41123813
41131017
41131526
41142601
41145549
41147380
41152122
41154446
41160647
41166483
41171064
41176438
41205965
41211963
41217061
41221948
41227480
41231394
41233058
41243266
41246121
41254421
41266810
41281745
41285008
41286780
41293941
41299878
41303026
41309664
41318505
41320093
41334428
41352600
41352792
41353438
41372833
41383609
41385709
41387753
41399052
41414316
41417921
41450172
41460856
41468207
41470931
41472267
41476973
41485617
41493097
41498529
41498594
41510466
41511433
41515307
41525710
41531943
41548762
41550503
41555658
41557442
41568549
41575187
41587000
41596735
41600601
41600733
41604743
41610416
41615599
41630041
41632633
41633591
41639966
41659746
41664987
41667145
41684002
41700858
41705753
41721391
41727100
41727293
41727342
41738568
41740852
41745117
41749965
41753581
41757181
41762281
41765945
41767907
41779489
41782907
41785538
41788056
41807962
41822401
41824720
41829336
41831912
41846993
41849685
41857601
41863561
41863897
41864426
41868552
41871769
41873649
41879726
41880801
41887002
41889762
41901118
41903642
41914235
41938164
41939669
41947087
41947592
41948093
41965994
41980646
41988430
41990344
41996408
41999013
42006396
42009103
42019941
42036940
42037458
42038655
42041880
42054791
42061070
42071715
42077478
42089897
42102140
42105841
42109169
42121051
42123228
42128030
42131354
42132172
42132409
42143503
42145934
42146966
42154511
42155191
42165229
42170143
42173625
42185105
42186152
42196856
42199148
42199730
42207334
42218548
42223795
42240314
42246140
42253590
42255648
42264629
42265773
42275660
42276452
42277337
42292505
42294637
42302898
42303263
42303956
42309672
42310903
42313015
42314653
42318668
42323750
42341293
42342028
42347488
42349872
42351363
42355498
42357932
42375465
42386292
42387294
42393905
42408168
42409695
42413598
42419792
42420684
42426801
42438141
42441739
42442862
42458854
42462578
42463207
42464678
42467942
42469287
42470591
42473736
42475366
42485359
42485751
42490761
42492257
42500790
42504823
42509522
42517802
42529923
42530969
42531300
42531671
42533339
42537574
42551933
42552130
42553908
42555497
42557379
42574276
42590911
42596149
42602326
42605255
42608258
42618945
42623090
42624431
42628229
42628380
42629864
42642705
42647438
42663787
42664724
42671020
42681362
42693038
42706111
42710444
42711833
42719080
42730503
42730724
42730804
42733936
42734086
42734372
42737423
42746483
42748577
42760749
42764163
42766951
42777889
42786405
42800447
42839966
42860493
42864977
42885564
42886021
42913778
42914016
42914145
42920799
42951782
42953699
42955091
42958645
42986178
42989297
42990083
42994546
43007952
43010705
43016432
43018655
43019418
43020219
43022677
43023092
43041177
43050177
43052594
43055178
43057552
43068353
43072622
43084198
43095542
43099620
43106879
43121025
43143321
43151390
43152609
43158694
43172931
43173539
43182759
43183754
43190676
43191574
43215443
43215617
43215883
43222284
43227056
43230342
43233508
43236386
43236689
43240593
43241742
43243062
43250884
43271015
43281257
43297820
43305563
43311698
43312704
43316113
43317715
43324310
43333858
43340316
43349930
43355419
43361727
43364493
43378887
43389195
43389508
43389881
43392608
43393454
43398490
43405050
43408096
43408698
43414689
43416524
43418488
43425668
43432802
43435319
43436883
43442174
43443809
43451218
43456354
43459988
43463902
43464866
43469370
43472175
43474202
43480109
43485791
43492701
43500024
43506627
43508318
43511540
43521180
43536284
43537608
43540457
43542614
43545065
43548857
43560325
43562338
43563252
43569955
43571098
43572146
43587566
43590311
43592008
43594599
43597158
43598217
43601374
43603429
43604202
43608391
43619096
43629776
43632558
43636411
43637212
43647641
43655149
43667779
43672494
43674877
43681387
43681597
43683414
43688398
43702858
43714451
43719677
43730410
43733668
43733923
43737104
43756630
43763819
43764512
43765540
43768845
43769568
43777268
43781122
43781585
43797420
43800590
43804205
43807898
43817815
43827043
43834439
43836377
43846707
43847338
43857708
43872726
43891382
43903050
43908596
43922097
43937913
43939724
43944321
43948381
43953784
43954074
43958570
43972168
43976302
43979714
43984583
43992359
44000888
44004059
44024673
44041467
44069097
44069423
44069891
44070888
44072610
44075685
44076372
44083403
44083714
44089663
44089771
44091137
44100712
44101232
44107252
44114128
44118029
44121387
44126907
44127265
44128233
44129674
44130259
44136554
44138755
44141099
44144824
44152743
44154122
44169837
44177606
44190760
44201756
44204617
44210747
44215703
44219312
44219801
44233548
44262777
44275407
44277975
44279873
44298021
44298805
44303374
44305784
44310196
44311881
44315506
44316014
44318812
44321197
44325699
44330665
44344140
44357043
44357197
44359152
44368621
44374396
44398308
44424894
44451204
44472386
44478004
44484093
44485192
44485383
44489047
44506540
44520912
44527476
44535837
44542783
44554335
44558902
44560414
44567924
44579437
44581333
44595490
44612006
44613231
44615528
44628878
44638729
44639418
44640423
44660252
44661119
44664229
44674302
44678630
44679758
44687382
44689120
44691939
44694507
44699267
44704279
44739851
44749729
44766325
44776163
44785264
44786083
44794570
44796201
44816062
44819093
44819504
44850372
44855871
44857754
44861392
44868677
44878643
44879315
44889866
44894373
44922659
44930796
44937557
44938612
44945046
44951209
44971190
44974617
44980437
44982529
44987038
44987430
44987650
44991131
45001533
45002454
45003111
45016566
45027443
45041418
45048699
45061524
45070761
45072118
45084512
45087785
45114757
45118965
45127627
45136352
45138360
45150863
45183726
45185951
45195322
45196702
45196976
45198909
45199354
45220013
45232505
45240793
45246296
45246431
45250025
45257067
45268183
45272042
45280343
45300298
45314678
45314735
45339632
45351942
45357256
45360440
45364589
45369020
45376928
45383298
45390938
45395491
45409753
45411182
45411494
45416722
45432105
45435302
45443921
45450248
45457750
45460581
45466472
45474788
45486848
45489980
45496281
45500504
45503992
45525087
45537284
45540379
45544724
45552780
45553272
45575920
45583628
45584345
45587458
45588581
45599153
45600961
45603897
45606129
45608124
45614993
45620473
45621902
45631329
45633659
45647258
45658522
45663581
45666818
45668676
45670073
45671826
45680273
45684657
45686113
45689579
45691184
45697203
45703819
46199765
46200113
46200490
46206180
46217551
46220279
46226966
46229220
46251287
46265205
46298886
46304673
46305022
46306693
46315992
46321118
46339344
46366820
46368242
46370464
46370506
46371776
46375419
46379921
46381949
46384098
46384370
46385581
46390471
46390858
46401069
46408617
46413073
46423925
46424916
46425737
46428536
46439996
46453379
46460569
46462403
46463999
46464147
46472806
46493195
46493257
46493560
46498066
46501618
46509892
46527234
46529686
46533798
46546912
46562927
46569306
46573984
46575350
46580274
46589874
46594625
46615680
46622189
46622857
46636612
46646900
46656509
46658182
46670894
46672017
46682165
46694718
46713036
46715999
46716247
46728640
46729148
46737003
46745195
46752140
46758896
46763019
46767001
46772038
46775973
46776028
46780511
46780898
46782462
46791190
46801951
46803936
46812165
46812436
46816101
46819707
46823423
46834479
46865177
46878156
46885037
46900658
46908467
46910810
46923283
46926772
46929865
46930045
46952429
46958889
46981341
46986534
46996358
47004193
47009568
47015961
47027567
47032808
47035410
47041517
47049550
47076426
47080313
47095946
47099890
47100733
47135970
47144932
47146869
47148234
47150484
47157440
47157571
47164473
47170017
47175225
47181483
47185118
47189221
47189350
47207188
47208159
47208602
47209592
47213281
47215134
47217573
47225768
47226062
47229902
47231006
47233126
47236112
47236987
47239024
47241826
47253906
47254905
47262190
47263317
47280532
47281354
47290502
47294496
47301599
47305250
47313078
47313259
47315918
47318181
47327184
47331620
47331828
47333738
47335236
47336906
47359365
47373121
47373627
47377914
47382239
47383361
47383981
47384357
47386740
47394849
47416483
47418810
47435449
47438726
47470889
47479710
47494771
47496183
47501554
47501641
47503541
47538959
47548147
47550190
47552683
47560503
47568126
47568599
47575473
47576416
47592525
47598484
47598980
47609603
47618619
47618898
47619542
47627704
47636686
47640808
47641074
47641328
47653044
47664462
47666581
47671457
47684675
47695494
47698765
47699529
47708220
47716398
47737305
47738151
47747444
47769686
47770588
47776690
47778094
47783852
47785047
47788088
47798911
47802562
47807188
47817199
47824390
47838394
47888752
47918805
47928833
47933770
47997876
47997952
48010887
48044130
48050138
48061006
48081116
48085743
48116145
48134604
48141516
48160270
48172826
48211913
48226141
48254244
48265773
48274100
48284297
48296758
48301303
48301529
48344861
48354277
48360429
48386371
48392570
48400310
48413370
48421992
48423669
48425406
48426611
48430023
48443559
48443707
48443893
48453039
48453668
48456458
48456987
48457488
48464815
48465921
48478417
48494282
48500884
48505901
48513509
48522447
48542104
48548083
48548646
48564357
48580804
48581119
48583974
48609032
48610606
48630397
48640237
48649817
48657957
48675731
48678558
48689455
48700235
48700688
48701819
48703302
48725965
48726197
48739429
48750316
48762638
48771763
48774182
48776781
48778821
48789161
48794544
48795632
48805147
48810953
48814316
48825178
48832893
48838538
48841976
48872421
48878471
48893204
48894076
48895988
48899421
48906775
48907684
48908508
48909115
48909315
48909804
48912672
48914848
48921014
48934635
48942749
48943383
48954175
48959444
48976795
48977549
48981436
48981492
48987279
48998836
49016972
49017767
49028339
49040268
49054581
49055930
49058507
49063593
49074910
49079203
49080541
49085265
49088576
49090115
49096842
49098297
49099167
49104859
49107927
49115349
49123282
49130376
49134595
49143075
49148591
49148604
49156974
49158768
49197267
49203768
49219703
49224128
49234692
49237572
49246495
49250705
49251466
49259378
49260975
49283506
49287688
49305019
49312960
49315490
49333297
49360850
49366435
49379853
49387394
49389768
49406893
49407351
49418090
49420696
49423607
49434249
49459939
49481553
49495791
49505098
49529450
49532009
49532418
49542528
49577986
49578638
49581833
49583469
49594139
49596228
49597315
49606487
49614030
49614319
49615322
49634241
49637766
49647484
49653973
49662694
49665349
49684494
49684870
49690272
49693014
49704397
49712808
49736235
49736306
49740562
49757699
49764258
49768324
49776336
49778078
49786490
49793627
49798727
49800487
49830938
49845926
49869565
49928628
49951568
49974450
49975444
49976251
49977651
49981578
49985174
49992111
49993962
49994453
50001305
50008835
50020617
50026905
50028492
50039044
50044729
50047245
50052221
50058419
50068511
50075717
50080255
50082545
50102273
50102681
50113819
50130519
50131824
50164603
50190502
50224663
50229815
50251868
50256023
50267903
50281030
50289755
50301954
50345367
50351969
50352549
50357151
50363237
50367901
50375643
50390533
50402454
50410560
50416233
50481202
50483470
50492549
50502342
50518127
50520234
50537763
50540571
50542990
50546685
50592926
50596148
50599889
50600957
50601895
50604662
50607675
50609520
50611516
50615175
50617137
50623162
50624086
50632545
50634891
50650088
50659622
50663606
50668836
50671401
50685288
50687753
50688737
50695214
50698581
50709886
50712072
50718895
50723735
50726010
50749392
50749688
50755931
50758484
50760463
50760704
50775057
50780549
50798290
50813563
50814464
50824210
50871563
50873184
50880814
50884058
50886299
50887060
50891971
50895293
50897716
50898214
50899250
50902949
50912749
50914061
50919677
50921448
50923799
50926322
50926346
50930666
50932705
50932773
50950624
50959959
51000611
51006184
51006316
51011678
51025164
51035230
51040174
51050635
51054820
51055703
51068188
51071770
51086559
51087862
51093155
51101033
51108295
51114606
51119292
51141488
51148906
51156073
51162396
51164619
51165465
51166442
51166662
51172382
51182681
51185821
51192690
51201824
51213276
51215213
51221140
51222174
51226699
51226755
51231574
51235112
51235788
51247653
51251862
51251995
51253216
51253865
51260981
51262258
51266003
51266780
51269298
51269866
51272921
51290498
51296566
51297230
51328794
51332313
51344862
51347972
51350998
51355371
51358410
51368861
51386623
51388278
51389545
51394813
51400946
51402986
51405827
51408304
51426121
51451195
51472517
51478712
51484611
51485030
51499678
51509123
51513186
51521168
51528709
51534031
51538359
51539520
51543548
51549453
51550169
51562489
51573895
51575300
51575708
51579137
51579201
51582901
51582981
51583700
51589915
51590808
51599997
51603540
51616742
51631697
51657115
51687397
51691569
51705940
51725557
51739433
51752708
51768214
51770061
51774892
51798701
51816573
51819727
51836088
51857249
51872826
51883835
51889303
51897522
51925558
51942522
51971913
51981935
51983780
51986504
51993261
51997228
52008673
52011521
52025224
52031000
52048048
52048335
52090631
52100095
52101816
52103614
52108714
52119946
52135402
52139993
52140074
52141053
52173808
52174035
52176821
52184358
52187512
52192918
52195065
52212343
52213646
52222645
52223849
52231670
52244654
52247956
52258230
52261959
52265952
52268216
52271162
52276046
52309754
52316410
52325026
52334249
52347985
52354089
52361377
52369168
52370261
52387348
52398070
52401594
52403641
52438868
52439503
52445608
52448220
52452575
52457987
52460378
52484075
52490435
52506074
52511139
52521944
52538090
52541546
52550315
52553602
52569831
52578684
52579966
52593610
52609964
52612844
52616336
52623793
52627979
52638003
52662569
52667943
52686769
52706251
52714064
52727980
52743856
52745515
52752361
52771421
52776566
52795415
52797737
52808913
52810582
52815431
52830780
52833741
52845289
52864142
52865904
52868968
52876676
52883718
52883801
52884590
52887097
52895065
52904532
52914585
52920116
52937823
52959023
52965713
52967302
52976295
52985117
52986401
52993512
52993734
53001338
53007242
53008434
53008474
53011975
53018435
53034598
53055794
53061356
53068055
53102293
53103971
53123276
53126148
53126552
53133395
53142616
53147722
53157901
53173343
53175005
53190477
53204680
53235636
53245089
53255233
53255388
53267014
53275171
53283435
53312718
53316691
53320226
53327541
53339187
53344826
53361279
53373085
53382932
53393821
53423967
53438691
53439473
53444812
53451278
53452620
53453530
53461907
53467123
53469215
53474754
53480745
53491298
53495314
53496147
53498276
53509488
53522206
53522583
53561767
53562922
53570302
53575066
53575087
53588304
53592089
53608936
53619666
53626854
53648587
53651752
53657471
53657611
53658410
53658907
53662908
53665353
53671331
53679050
53688829
53694236
53699614
53702962
53719585
53720563
53721864
53727898
53736441
53736459
53743896
53746392
53751033
53759618
53764401
53765499
53794880
53796433
53833017
53834008
53843567
53895880
53907684
53909617
53912876
53913528
53927433
53935808
53944626
53946532
53965537
53971164
53971754
53983698
53999181
54003833
54003949
54027572
54032396
54036348
54045216
54053141
54055758
54080027
54085571
54087013
54087171
54091534
54104058
54107170
54109825
54122191
54129394
54138025
54146171
54148614
54149268
54171289
54179060
54191756
54198509
54200919
54213818
54218753
54218967
54221076
54229175
54241602
54244838
54252748
54257250
54271398
54280325
54283347
54287052
54299086
54299694
54305212
54306431
54314912
54320649
54326237
54335015
54335901
54336678
54341412
54348049
54362334
54369517
54369627
54376947
54377474
54384734
54387522
54394976
54395409
54400166
54405750
54418453
54421904
54433902
54443403
54455068
54456731
54456949
54467226
54469707
54473960
54496030
54501537
54518900
54525278
54530469
54547628
54549546
54554476
54560128
54560762
54593601
54604575
54614792
54623919
54627463
54641791
54657093
54681396
54682447
54687008
54703497
54718197
54720857
54722468
54736734
54760015
54762869
54781360
54793833
54824950
54826888
54834133
54865793
54874051
54877410
54882389
54924106
54932853
54933064
54938478
54945225
54952108
54953131
54960818
54962211
54967693
54968329
54970381
54986018
54993301
55006192
55017386
55018746
55023671
55033639
55035278
55036558
55048652
55053362
55057493
55066278
55081241
55109693
55111836
55112264
55114965
55125666
55128097
55132413
55132583
55142436
55152939
55156461
55164176
55173391
55188783
55194587
55195158
55204515
55206149
55207470
55207571
55217551
55232610
55234196
55240123
55240635
55260227
55261649
55281455
55284311
55285838
55285856
55298052
55306020
55310839
55330718
55360282
55360808
55376952
55393824
55417817
55418810
55424218
55425067
55454065
55478235
55480370
55488194
55493808
55513781
55516933
55520949
55535896
55545504
55557479
55565721
55589433
55608677
55622295
55642321
55648044
55692133
55694631
55697397
55700067
55700071
55704694
55707460
55709110
55718454
55721140
55732037
55732240
55732697
55736790
55744258
55770181
55776691
55778216
55787678
55796225
55810210
55825194
55838407
55840972
55842908
55853261
55865809
55876975
55877909
55880260
55896985
55907659
55910625
55925984
55940502
55946209
55971602
55972161
55979381
55980125
55998226
56003747
56010006
56015816
56018123
56019359
56028875
56041028
56043615
56050082
56069533
56084743
56085656
56089381
56110611
56111873
56143742
56145141
56149400
56168643
56170713
56172850
56176903
56180320
56182007
56190438
56190526
56201297
56210964
56212801
56214949
56218995
56230928
56243610
56244883
56254333
56255970
56262265
56270090
56283123
56284855
56305479
56306170
56311950
56331141
56332123
56332298
56346707
56347036
56347593
56353801
56356408
56357695
56358069
56373966
56380508
56417432
56435142
56439593
56442288
56461616
56466177
56482285
56485847
56490080
56495427
56504209
56507170
56507484
56528502
56544479
56545014
56554224
56563471
56574794
56579520
56608549
56614214
56614851
56617706
56620854
56624051
56629318
56634556
56638099
56668978
56672516
56676719
56677559
56682923
56683120
56685352
56706323
56727836
56728164
56742529
56755764
56768644
56768737
56769059
56771792
56779361
56790366
56795534
56800535
56813908
56830643
56837023
56872038
56874460
56884796
56900723
56902613
56913347
56916237
56921966
56924146
56930872
56931595
56941295
56946192
56949805
56952080
56968654
56979383
56979597
56999482
57008745
57011864
57018081
57022143
57030783
57039259
57054185
57057799
57078019
57082568
57090325
57091517
57100447
57106572
57120080
57120100
57123825
57127192
57138561
57146154
57147100
57151545
57179911
57187371
57193410
57195911
57205933
57210764
57212529
57215373
57216857
57221041
57221270
57224624
57229614
57230978
57231246
57239442
57243037
57245234
57250074
57258258
57261783
57267336
57267355
57268415
57268852
57279967
57282035
57308542
57309249
57309687
57318922
57319339
57325180
57329937
57332541
57332548
57332772
57335874
57337385
57341343
57342214
57342723
57344223
57345024
57345322
57347325
57349190
57353076
57355046
57355708
57357174
57374519
57379932
57398022
57399056
57406758
57406917
57407555
57409550
57414299
57414344
57431350
57433005
57440221
57442772
57449601
57470911
57476170
57487778
57539596
57574675
57575242
57576996
57629883
57633955
57644551
57661504
57674110
57674118
57684866
57687397
57688801
57694180
57695348
57697013
57722130
57742208
57749999
57778485
57788052
57798609
57812235
57812251
57815112
57818948
57819603
57829835
57841725
57842569
57853660
57878398
57882673
57886005
57894338
57894682
57899678
57906032
57925017
57926189
57937562
57943446
57944182
57961284
57961919
57964494
57969357
57971250
57971465
57978875
57997344
58005844
58009800
58012041
58013012
58014440
58027883
58038352
58046560
58060316
58071173
58072739
58078382
58094912
58097352
58102953
58122173
58124647
58171973
58188761
58225997
58229379
58230850
58232541
58241607
58253704
58255580
58264302
58292384
58308534
58345751
58353227
58359993
58367908
58368871
58405259
58408337
58410867
58423996
58428000
58434445
58435639
58447805
58454933
58455631
58460201
58464262
58479417
58485851
58490379
58497776
58518313
58518903
58519446
58527953
58529291
58529740
58533887
58540403
58550917
58570834
58589044
58601026
58608441
58613723
58615034
58616209
58628351
58632709
58637182
58649192
58652120
58664451
58672642
58681045
58686377
58688288
58691763
58707063
58710008
58720928
58721795
58732227
58739269
58740064
58743741
58745313
58753823
58757307
58764304
58776835
58783813
58812139
58839259
58843522
58851642
58851938
58867692
58887987
58904924
58909594
58916493
58938693
58950644
58954595
58958698
58962109
58969684
58971603
58982940
58992398
58996439
59007164
59015550
59024356
59025498
59026984
59032064
59050099
59090702
59104834
59126033
59133048
59133387
59133939
59136625
59142155
59148302
59162367
59167731
59169432
59176828
59183664
59221084
59231039
59234810
59269919
59275662
59301865
59321504
59326569
59344105
59348822
59354780
59355500
59356657
59378404
59391849
59406172
59412346
59420291
59426637
59429995
59432032
59433238
59464038
59464326
59466428
59473825
59476850
59477259
59483545
59484783
59497854
59502352
59504399
59507069
59509906
59510699
59517627
59535092
59535111
59549275
59554044
59561804
59569731
59577278
59581519
59590168
59606495
59606945
59609601
59624807
59625251
59637610
59643087
59647938
59653380
59665704
59673105
59680183
59681108
59683280
59697251
59704214
59715356
59719083
59721400
59724173
59727878
59729731
59755709
59761759
59784317
59794036
59801321
59804262
59809291
59830834
59833507
59841863
59843629
59850730
59858329
59862459
59862936
59867599
59895393
59898884
59902079
59911973
59923436
59933185
59940038
59953897
59958615
59974812
59980885
59985701
59986322
60006592
60015494
60023823
60027760
60028428
60033739
60038122
60040685
60067408
60070045
60078638
60099757
60108437
60124890
60133827
60155476
60175693
60181982
60185550
60186026
60237627
60248261
60260050
60268163
60270686
60281408
60284602
60287264
60295575
60333973
60345073
60355403
60356083
60359191
60360204
60364478
60376892
60380081
60390535
60391376
60401399
60410697
60415370
60423502
60425884
60433449
60437469
60438514
60444066
60455775
60474130
60477610
60500271
60507458
60511258
60514414
60514570
60516733
60523126
60524813
60541487
60541658
60551669
60552120
60558468
60568115
60578661
60587137
60592471
60599924
60604194
60613700
60620512
60624409
60629257
60635851
60643394
60644962
60648823
60649261
60660788
60663318
60675478
60676807
60678544
60680683
60681897
60714624
60724538
60724549
60725651
60726685
60728368
60733006
60734195
60734604
60745609
60748926
60755948
60760612
60764394
60773737
60806535
60813232
60822627
60832218
60839387
60845070
60845555
60851284
60863015
60870709
60870841
60877472
60889320
60889355
60898566
60899023
60907355
60916459
60922281
60923326
60936158
60946201
60950298
60975920
60989142
60995757
60999976
61012598
61014722
61018254
61021947
61039067
61044202
61048786
61062957
61072447
61087026
61089554
61095115
61097250
